{
food: 98
water: 48
happiness: 100
hoursLeft: 23.790697
daysLeft: 7
villagerSpawnTimer: 0.23281111
numVillagersToSpawn: 4
gemThreshold: 0.1494979
}